*SCENE 0 100 30 160 0 12
*OBJECT 0 0 -1 0 0 0 0 -1 1
*NAME origin null 
*MATWORLD     0.0000    -0.0000     1.0000     0.0000     1.0000    -0.0000    -0.0000     0.0000     0.0000     1.0000     0.0000     0.0000     0.0000    38.0000     0.0000     1.0000
*OBJECT 1 0 -1 0 0 0 0 -1 -1
*NAME Pelvis origin 
*MATWORLD    -1.0000     0.0000     0.0000     0.0000     0.0000     0.6863     0.7273     0.0000     0.0000     0.7273    -0.6863     0.0000    -0.0000    20.0000     0.0000     1.0000
*OBJECT 2 0 -1 0 0 0 0 -1 -1
*NAME Chest Pelvis 
*MATWORLD    -1.0000     0.0000    -0.0000     0.0000     0.0000     0.8321    -0.5547     0.0000    -0.0000    -0.5547    -0.8321     0.0000    -2.4697     4.0000     0.0000     1.0000
*OBJECT 3 0 -1 0 0 0 0 -1 -1
*NAME L_shldr Chest 
*MATWORLD    -1.0000     0.0000     0.0000     0.0000    -0.0000     0.6247    -0.7809     0.0000    -0.0000    -0.7809    -0.6247     0.0000    -4.0751    -0.0000    -8.0000     1.0000
*OBJECT 4 0 -1 0 0 0 0 -1 -1
*NAME L_armbone L_shldr 
*MATWORLD     1.0000    -0.0000    -0.0000     0.0000     0.0000     0.8944    -0.4472     0.0000     0.0000     0.4472     0.8944     0.0000    -0.7409   -10.0000   -14.0000     1.0000
*OBJECT 5 0 -1 0 0 0 0 -1 -1
*NAME R_shldr Chest 
*MATWORLD     1.0000    -0.0000     0.0000     0.0000    -0.0000     0.6247     0.7809     0.0000    -0.0000    -0.7809     0.6247     0.0000    -4.0751     0.0000     8.0000     1.0000
*OBJECT 6 0 -1 0 0 0 0 -1 -1
*NAME R_armbone R_shldr 
*MATWORLD     0.0000    -0.0000     1.0000     0.0000     1.0000    -0.0000    -0.0000     0.0000     0.0000     1.0000     0.0000     0.0000    -0.7409   -10.0000    14.0000     1.0000
*OBJECT 7 0 -1 0 0 0 0 -1 -1
*NAME L_leglow Pelvis 
*MATWORLD    -1.0000     0.0000    -0.0000     0.0000     0.0000     0.5547     0.8321     0.0000     0.0000     0.8321    -0.5547     0.0000    -0.0000    24.0000    -4.0000     1.0000
*OBJECT 8 0 -1 0 0 0 0 -1 -1
*NAME L_legtop L_leglow 
*MATWORLD    -1.0000    -0.0000     0.0000     0.0000    -0.0000    -0.5145    -0.8575     0.0000     0.0000    -0.8575     0.5145     0.0000    -0.0000    37.4900   -12.0000     1.0000
*OBJECT 9 0 -1 0 0 0 0 -1 -1
*NAME R_leglow Pelvis 
*MATWORLD     1.0000     0.0000    -0.0000     0.0000    -0.0000     0.5547    -0.8321     0.0000     0.0000     0.8321     0.5547     0.0000     0.0000    24.0000     4.0000     1.0000
*OBJECT 10 0 -1 0 0 0 0 -1 -1
*NAME R_legtop R_leglow 
*MATWORLD    -1.0000     0.0000     0.0000     0.0000    -0.0000     0.5547    -0.8321     0.0000    -0.0000    -0.8321    -0.5547     0.0000     0.0000    37.5655    12.0000     1.0000
*OBJECT 11 0 -1 0 0 0 2 -1 1
*NAME cage_corpse null 
*MATWORLD     1.0000     0.0000     0.0000     0.0000     0.0000     1.0000     0.0000     0.0000     0.0000     0.0000     1.0000     0.0000     0.0000     0.0000     0.0000     1.0000
BONE_COUNT 12 
    0.0000     1.0000     0.0000     0.0000    -0.0000    -0.0000     1.0000     0.0000     1.0000    -0.0000     0.0000     0.0000     0.0001     0.0000   -38.0000     1.0000
   -1.0000     0.0000     0.0000     0.0000     0.0000     0.6863     0.7273     0.0000     0.0000     0.7273    -0.6863     0.0000    -0.0000   -13.7257   -14.5467     1.0000
   -1.0000     0.0000    -0.0000     0.0000     0.0000     0.8321    -0.5547     0.0000    -0.0000    -0.5547    -0.8321     0.0000    -2.4697    -3.3282     2.2188     1.0000
   -1.0000    -0.0000    -0.0000     0.0000     0.0000     0.6247    -0.7809     0.0000     0.0000    -0.7809    -0.6247     0.0000    -4.0751    -6.2470    -4.9976     1.0000
    1.0000     0.0000     0.0000     0.0000    -0.0000     0.8944     0.4472     0.0000    -0.0000    -0.4472     0.8944     0.0000     0.7409     2.6833    16.9941     1.0000
    1.0000    -0.0000    -0.0000     0.0000    -0.0000     0.6247    -0.7809     0.0000     0.0000     0.7809     0.6247     0.0000     4.0751    -6.2470    -4.9976     1.0000
    0.0000     1.0000     0.0000     0.0000    -0.0000    -0.0000     1.0000     0.0000     1.0000    -0.0000     0.0000     0.0000   -14.0000     0.7410    10.0000     1.0000
   -1.0000     0.0000     0.0000     0.0000     0.0000     0.5547     0.8321     0.0000    -0.0000     0.8321    -0.5547     0.0000    -0.0000    -9.9846   -22.1880     1.0000
   -1.0000    -0.0000     0.0000     0.0000    -0.0000    -0.5145    -0.8575     0.0000     0.0000    -0.8575     0.5145     0.0000     0.0000     8.9985    38.3213     1.0000
    1.0000    -0.0000     0.0000     0.0000     0.0000     0.5547     0.8321     0.0000    -0.0000    -0.8321     0.5547     0.0000    -0.0000    -9.9846   -22.1880     1.0000
   -1.0000    -0.0000    -0.0000     0.0000     0.0000     0.5547    -0.8321     0.0000     0.0000    -0.8321    -0.5547     0.0000    -0.0000   -10.8530    37.9128     1.0000
    1.0000     0.0000     0.0000     0.0000     0.0000     1.0000     0.0000     0.0000     0.0000     0.0000     1.0000     0.0000    -0.0000    -0.0000    -0.0000     1.0000
