*SCENE 0 100 30 160 0 130
*OBJECT 0 0 -1 0 0 0 0 -1 1
*NAME origin null 
*MATWORLD     0.0000    -0.0000     1.0000     0.0000     1.0000    -0.0000    -0.0000     0.0000     0.0000     1.0000     0.0000     0.0000     0.0000    38.0000     0.0000     1.0000
*OBJECT 1 0 -1 0 0 0 0 -1 -1
*NAME Pelvis origin 
*MATWORLD    -1.0000     0.0000     0.0000     0.0000     0.0000     0.6863     0.7273     0.0000     0.0000     0.7273    -0.6863     0.0000    -0.0000    20.0000     0.0000     1.0000
*OBJECT 2 0 -1 0 0 0 0 -1 -1
*NAME Chest Pelvis 
*MATWORLD    -1.0000     0.0000    -0.0000     0.0000     0.0000     0.8321    -0.5547     0.0000    -0.0000    -0.5547    -0.8321     0.0000    -2.4697     4.0000     0.0000     1.0000
*OBJECT 3 0 -1 0 0 0 0 -1 -1
*NAME L_shldr Chest 
*MATWORLD    -1.0000     0.0000     0.0000     0.0000    -0.0000     0.6247    -0.7809     0.0000    -0.0000    -0.7809    -0.6247     0.0000    -4.0751    -0.0000    -8.0000     1.0000
*OBJECT 4 0 -1 0 0 0 0 -1 -1
*NAME L_armbone L_shldr 
*MATWORLD     1.0000    -0.0000    -0.0000     0.0000     0.0000     0.8944    -0.4472     0.0000     0.0000     0.4472     0.8944     0.0000    -0.7409   -10.0000   -14.0000     1.0000
*OBJECT 5 0 -1 0 0 0 0 -1 -1
*NAME R_shldr Chest 
*MATWORLD     1.0000    -0.0000     0.0000     0.0000    -0.0000     0.6247     0.7809     0.0000    -0.0000    -0.7809     0.6247     0.0000    -4.0751     0.0000     8.0000     1.0000
*OBJECT 6 0 -1 0 0 0 0 -1 -1
*NAME R_armbone R_shldr 
*MATWORLD     0.0000    -0.0000     1.0000     0.0000     1.0000    -0.0000    -0.0000     0.0000     0.0000     1.0000     0.0000     0.0000    -0.7409   -10.0000    14.0000     1.0000
*OBJECT 7 0 -1 0 0 0 0 -1 -1
*NAME Shldrs Chest 
*MATWORLD     0.3329    -0.1498     0.9310     0.0000     0.9071    -0.2188    -0.3596     0.0000     0.2575     0.9642     0.0630     0.0000  -186.1060    -7.3701    -0.0471     1.0000
*OBJECT 8 0 -1 0 0 0 0 -1 -1
*NAME Lshldr Shldrs 
*MATWORLD    -0.9284    -0.1329     0.3469     0.0000     0.0469    -0.9683    -0.2455     0.0000     0.3686    -0.2116     0.9052     0.0000  -182.7995   -10.1358    -0.8243     1.0000
*OBJECT 9 0 -1 0 0 0 0 -1 -1
*NAME Luparm_orbit Lshldr 
*MATWORLD     0.3715    -0.3155     0.8732     0.0000     0.9248     0.0420    -0.3782     0.0000     0.0826     0.9480     0.3073     0.0000  -184.5126   -10.9479     4.5038     1.0000
*OBJECT 10 0 -1 0 0 0 0 -1 -1
*NAME Luparm Luparm_orbit 
*MATWORLD    -0.6048     0.0220    -0.7961     0.0000    -0.7950    -0.0743     0.6020     0.0000    -0.0459     0.9970     0.0625     0.0000  -183.9708   -12.3121     5.0157     1.0000
*OBJECT 11 0 -1 0 0 0 0 -1 -1
*NAME Lloarm Luparm 
*MATWORLD    -0.3922    -0.1055    -0.9138     0.0000    -0.1006    -0.9825     0.1566     0.0000    -0.9144     0.1533     0.3747     0.0000  -183.1490   -25.2220     4.2096     1.0000
*OBJECT 12 0 -1 0 0 0 0 -1 -1
*NAME Lwrist Lloarm 
*MATWORLD    -0.0159    -0.9919    -0.1258     0.0000    -0.7818    -0.0661     0.6200     0.0000    -0.6234     0.1082    -0.7744     0.0000  -178.1737   -25.5882     2.4709     1.0000
*OBJECT 13 0 -1 0 0 0 0 -1 -1
*NAME Lhand Lwrist 
*MATWORLD    -0.0000    -0.7704    -0.6375     0.0000     0.9562    -0.1866     0.2255     0.0000    -0.2927    -0.6096     0.7367     0.0000  -173.6529   -25.2992     0.7479     1.0000
*OBJECT 14 0 -1 0 0 0 0 -1 -1
*NAME BFG_ATTACHER Lhand 
*MATWORLD     0.3394    -0.3125     0.8872     0.0000     0.8618     0.4812    -0.1602     0.0000    -0.3769     0.8190     0.4327     0.0000  -173.6531   -25.2993     0.7482     1.0000
*OBJECT 15 0 -1 0 0 0 0 -1 -1
*NAME Lindex1 Lhand 
*MATWORLD    -0.5672    -0.3439    -0.7484     0.0000    -0.0679    -0.8860     0.4586     0.0000    -0.8208     0.3109     0.4792     0.0000  -169.9260   -24.5222     0.2075     1.0000
*OBJECT 16 0 -1 0 0 0 0 -1 -1
*NAME Lindex2 Lindex1 
*MATWORLD    -0.9519     0.0458    -0.3030     0.0000    -0.2097    -0.8184     0.5350     0.0000    -0.2235     0.5728     0.7886     0.0000  -168.9233   -25.0105    -0.6118     1.0000
*OBJECT 17 0 -1 0 0 0 0 -1 -1
*NAME Lindex3 Lindex2 
*MATWORLD     0.2222     0.4567     0.8614     0.0000     0.1423     0.8589    -0.4920     0.0000    -0.9646     0.2319     0.1258     0.0000  -168.8444   -25.5074    -1.4566     1.0000
*OBJECT 18 0 -1 0 0 0 0 -1 -1
*NAME Lmiddle1 Lhand 
*MATWORLD    -0.8129    -0.2366    -0.5322     0.0000     0.0582    -0.9422     0.3300     0.0000    -0.5795     0.2373     0.7797     0.0000  -169.8968   -25.2633     0.9230     1.0000
*OBJECT 19 0 -1 0 0 0 0 -1 -1
*NAME Lmiddle2 Lmiddle1 
*MATWORLD    -0.9940     0.0849     0.0695     0.0000    -0.0435    -0.8865     0.4607     0.0000     0.1008     0.4549     0.8848     0.0000  -169.3966   -25.7286    -0.3618     1.0000
*OBJECT 20 0 -1 0 0 0 0 -1 -1
*NAME Lmiddle3 Lmiddle2 
*MATWORLD     0.5369     0.3311     0.7759     0.0000    -0.0020     0.9203    -0.3913     0.0000    -0.8436     0.2085     0.4948     0.0000  -169.6540   -26.2058    -1.5179     1.0000
*OBJECT 21 0 -1 0 0 0 0 -1 -1
*NAME Lpinky1 Lhand 
*MATWORLD    -0.5513     0.3083    -0.7752     0.0000    -0.5126    -0.8583     0.0232     0.0000    -0.6582     0.4102     0.6312     0.0000  -170.7588   -26.7106     0.4180     1.0000
*OBJECT 22 0 -1 0 0 0 0 -1 -1
*NAME Lpinky2 Lpinky1 
*MATWORLD    -0.7832     0.5969    -0.1743     0.0000    -0.6193    -0.7739     0.1327     0.0000    -0.0556     0.2119     0.9757     0.0000  -170.2031   -27.1087    -0.4188     1.0000
*OBJECT 23 0 -1 0 0 0 0 -1 -1
*NAME Lpinky3 Lpinky2 
*MATWORLD     0.1184    -0.1072     0.9872     0.0000     0.6518     0.7584     0.0042     0.0000    -0.7491     0.6429     0.1597     0.0000  -170.1109   -27.1345    -1.1368     1.0000
*OBJECT 24 0 -1 0 0 0 0 -1 -1
*NAME Lring1 Lhand 
*MATWORLD    -0.7230    -0.0673    -0.6876     0.0000    -0.1739    -0.9455     0.2754     0.0000    -0.6686     0.3187     0.6718     0.0000  -170.0156   -26.1389     0.8952     1.0000
*OBJECT 25 0 -1 0 0 0 0 -1 -1
*NAME Lring2 Lring1 
*MATWORLD    -0.9577     0.2654    -0.1110     0.0000    -0.2876    -0.8756     0.3881     0.0000     0.0058     0.4036     0.9149     0.0000  -169.3147   -26.6867    -0.2157     1.0000
*OBJECT 26 0 -1 0 0 0 0 -1 -1
*NAME Lrring3 Lring2 
*MATWORLD     0.4260     0.2044     0.8813     0.0000     0.2361     0.9153    -0.3264     0.0000    -0.8734     0.3472     0.3416     0.0000  -169.3220   -26.8706    -1.1053     1.0000
*OBJECT 27 0 -1 0 0 0 0 -1 -1
*NAME Lthumb1 Lhand 
*MATWORLD    -0.3599    -0.6603    -0.6591     0.0000     0.3608    -0.7500     0.5544     0.0000    -0.8604    -0.0383     0.5082     0.0000  -173.1220   -24.1933    -0.5884     1.0000
*OBJECT 28 0 -1 0 0 0 0 -1 -1
*NAME Lthumb2 Lthumb1 
*MATWORLD     0.4826     0.5813     0.6552     0.0000     0.2211     0.6430    -0.7333     0.0000    -0.8475     0.4987     0.1817     0.0000  -171.8137   -24.3231    -1.1143     1.0000
*OBJECT 29 0 -1 0 0 0 0 -1 -1
*NAME Lthumb3 Lthumb2 
*MATWORLD    -0.5126    -0.1714     0.8413     0.0000    -0.7002     0.6506    -0.2941     0.0000    -0.4970    -0.7398    -0.4536     0.0000  -170.7811   -24.8576    -1.4329     1.0000
*OBJECT 30 0 -1 0 0 0 0 -1 -1
*NAME RL_ATTACHER Lhand 
*MATWORLD     0.1505     0.0410     0.9878     0.0000     0.9868    -0.0660    -0.1476     0.0000     0.0592     0.9970    -0.0504     0.0000  -173.6531   -25.2993     0.7482     1.0000
*OBJECT 31 0 -1 0 0 0 0 -1 -1
*NAME Neck Shldrs 
*MATWORLD     0.3328    -0.1497     0.9310     0.0000     0.8754    -0.3181    -0.3640     0.0000     0.3507     0.9362     0.0252     0.0000  -186.0214    -7.8499    -0.2592     1.0000
*OBJECT 32 0 -1 0 0 0 0 -1 -1
*NAME Head Neck 
*MATWORLD     0.0496     0.0041     0.9988     0.0000     0.9987    -0.0071    -0.0495     0.0000     0.0069     1.0000    -0.0045     0.0000  -182.5672    -4.4540    -1.0048     1.0000
*OBJECT 33 0 -1 0 0 0 0 -1 -1
*NAME Jaw Head 
*MATWORLD     0.0496     0.0041     0.9988     0.0000     0.9837     0.1731    -0.0495     0.0000    -0.1731     0.9849     0.0045     0.0000  -180.9041    -6.3850    -1.0261     1.0000
*OBJECT 34 0 -1 0 0 0 0 -1 -1
*NAME Mouth5 Jaw 
*MATWORLD     0.0496     0.0041     0.9988     0.0000     0.9837     0.1731    -0.0495     0.0000    -0.1731     0.9849     0.0045     0.0000  -178.3361    -6.1444    -0.5906     1.0000
*OBJECT 35 0 -1 0 0 0 0 -1 -1
*NAME Mouth6 Jaw 
*MATWORLD     0.0496     0.0041     0.9988     0.0000     0.9837     0.1731    -0.0495     0.0000    -0.1731     0.9849     0.0045     0.0000  -178.3487    -6.1798    -1.0561     1.0000
*OBJECT 36 0 -1 0 0 0 0 -1 -1
*NAME Mouth7 Jaw 
*MATWORLD     0.0496     0.0041     0.9988     0.0000     0.9837     0.1731    -0.0495     0.0000    -0.1731     0.9849     0.0045     0.0000  -178.3819    -6.1483    -1.5138     1.0000
*OBJECT 37 0 -1 0 0 0 0 -1 -1
*NAME Lbrow1 Head 
*MATWORLD     0.0496     0.0041     0.9988     0.0000     0.9987    -0.0071    -0.0495     0.0000     0.0069     1.0000    -0.0045     0.0000  -178.1726    -3.0355    -0.5204     1.0000
*OBJECT 38 0 -1 0 0 0 0 -1 -1
*NAME Lbrow2 Head 
*MATWORLD     0.0496     0.0041     0.9988     0.0000     0.9987    -0.0071    -0.0495     0.0000     0.0069     1.0000    -0.0045     0.0000  -178.3498    -2.8271     0.1472     1.0000
*OBJECT 39 0 -1 0 0 0 0 -1 -1
*NAME Lbrow3 Head 
*MATWORLD     0.0496     0.0041     0.9988     0.0000     0.9987    -0.0071    -0.0495     0.0000     0.0069     1.0000    -0.0045     0.0000  -178.9284    -2.8650     0.9697     1.0000
*OBJECT 40 0 -1 0 0 0 0 -1 -1
*NAME Lcheek Head 
*MATWORLD     0.0496     0.0041     0.9988     0.0000     0.9987    -0.0071    -0.0495     0.0000     0.0069     1.0000    -0.0045     0.0000  -179.1171    -6.1521     0.6683     1.0000
*OBJECT 41 0 -1 0 0 0 0 -1 -1
*NAME Lfteye_Focus Head 
*MATWORLD     0.0496     0.0041     0.9988     0.0000     0.9987    -0.0071    -0.0495     0.0000     0.0069     1.0000    -0.0045     0.0000  -166.5796    -3.6744    -0.3461     1.0000
*OBJECT 42 0 -1 0 0 0 0 -1 -1
*NAME Llolid Head 
*MATWORLD     0.0496     0.0041     0.9988     0.0000     0.9987    -0.0071    -0.0495     0.0000     0.0069     1.0000    -0.0045     0.0000  -178.7269    -3.6900     0.2816     1.0000
*OBJECT 43 0 -1 0 0 0 0 -1 -1
*NAME Luplid Head 
*MATWORLD     0.0496     0.0041     0.9988     0.0000     0.9987    -0.0071    -0.0495     0.0000     0.0069     1.0000    -0.0045     0.0000  -178.8199    -3.3455     0.2891     1.0000
*OBJECT 44 0 -1 0 0 0 0 -1 -1
*NAME Mouth1 Head 
*MATWORLD     0.0496     0.0041     0.9988     0.0000     0.9987    -0.0071    -0.0495     0.0000     0.0069     1.0000    -0.0045     0.0000  -178.0557    -6.0181    -0.5650     1.0000
*OBJECT 45 0 -1 0 0 0 0 -1 -1
*NAME Mouth10 Head 
*MATWORLD     0.0496     0.0041     0.9988     0.0000     0.9987    -0.0071    -0.0495     0.0000     0.0069     1.0000    -0.0045     0.0000  -178.4099    -6.1275    -1.8436     1.0000
*OBJECT 46 0 -1 0 0 0 0 -1 -1
*NAME Mouth11 Head 
*MATWORLD     0.0496     0.0041     0.9988     0.0000     0.9987    -0.0071    -0.0495     0.0000     0.0069     1.0000    -0.0045     0.0000  -178.1072    -6.0210    -1.5229     1.0000
*OBJECT 47 0 -1 0 0 0 0 -1 -1
*NAME Mouth12 Head 
*MATWORLD     0.0496     0.0041     0.9988     0.0000     0.9987    -0.0071    -0.0495     0.0000     0.0069     1.0000    -0.0045     0.0000  -178.2473    -6.1621    -1.0363     1.0000
*OBJECT 48 0 -1 0 0 0 0 -1 -1
*NAME Mouth2 Head 
*MATWORLD     0.0496     0.0041     0.9988     0.0000     0.9987    -0.0071    -0.0495     0.0000     0.0069     1.0000    -0.0045     0.0000  -178.3289    -6.1169    -0.2146     1.0000
*OBJECT 49 0 -1 0 0 0 0 -1 -1
*NAME Mouth3 Head 
*MATWORLD     0.0496     0.0041     0.9988     0.0000     0.9987    -0.0071    -0.0495     0.0000     0.0069     1.0000    -0.0045     0.0000  -178.7554    -6.4575     0.1482     1.0000
*OBJECT 50 0 -1 0 0 0 0 -1 -1
*NAME Mouth9 Head 
*MATWORLD     0.0496     0.0041     0.9988     0.0000     0.9987    -0.0071    -0.0495     0.0000     0.0069     1.0000    -0.0045     0.0000  -178.8724    -6.4766    -2.2046     1.0000
*OBJECT 51 0 -1 0 0 0 0 -1 -1
*NAME Mouthlsneer Head 
*MATWORLD     0.0496     0.0041     0.9988     0.0000     0.9987    -0.0071    -0.0495     0.0000     0.0069     1.0000    -0.0045     0.0000  -178.4423    -5.5061    -0.0264     1.0000
*OBJECT 52 0 -1 0 0 0 0 -1 -1
*NAME Mouthrsneer Head 
*MATWORLD     0.0496     0.0041     0.9988     0.0000     0.9987    -0.0071    -0.0495     0.0000     0.0069     1.0000    -0.0045     0.0000  -178.5396    -5.5142    -1.9856     1.0000
*OBJECT 53 0 -1 0 0 0 0 -1 -1
*NAME Rbrow1 Head 
*MATWORLD     0.0496     0.0041     0.9988     0.0000     0.9987    -0.0071    -0.0495     0.0000     0.0069     1.0000    -0.0045     0.0000  -178.2277    -2.9947    -1.6343     1.0000
*OBJECT 54 0 -1 0 0 0 0 -1 -1
*NAME Rbrow2 Head 
*MATWORLD     0.0496     0.0041     0.9988     0.0000     0.9987    -0.0071    -0.0495     0.0000     0.0069     1.0000    -0.0045     0.0000  -178.4789    -2.8344    -2.3401     1.0000
*OBJECT 55 0 -1 0 0 0 0 -1 -1
*NAME Rbrow3 Head 
*MATWORLD     0.0496     0.0041     0.9988     0.0000     0.9987    -0.0071    -0.0495     0.0000     0.0069     1.0000    -0.0045     0.0000  -179.1187    -2.8837    -2.9806     1.0000
*OBJECT 56 0 -1 0 0 0 0 -1 -1
*NAME Rcheek Head 
*MATWORLD     0.0496     0.0041     0.9988     0.0000     0.9987    -0.0071    -0.0495     0.0000     0.0069     1.0000    -0.0045     0.0000  -179.2846    -6.1695    -2.7070     1.0000
*OBJECT 57 0 -1 0 0 0 0 -1 -1
*NAME Rlolid Head 
*MATWORLD     0.0496     0.0041     0.9988     0.0000     0.9987    -0.0071    -0.0495     0.0000     0.0069     1.0000    -0.0045     0.0000  -178.8542    -3.7056    -2.3284     1.0000
*OBJECT 58 0 -1 0 0 0 0 -1 -1
*NAME Rteye_Focus Head 
*MATWORLD     0.0496     0.0041     0.9988     0.0000     0.9987    -0.0071    -0.0495     0.0000     0.0069     1.0000    -0.0045     0.0000  -166.7048    -3.6686    -2.8702     1.0000
*OBJECT 59 0 -1 0 0 0 0 -1 -1
*NAME Ruplid Head 
*MATWORLD     0.0496     0.0041     0.9988     0.0000     0.9987    -0.0071    -0.0495     0.0000     0.0069     1.0000    -0.0045     0.0000  -178.9473    -3.3495    -2.3481     1.0000
*OBJECT 60 0 -1 0 0 0 0 -1 -1
*NAME Rshldr Shldrs 
*MATWORLD    -0.8984     0.1074     0.4258     0.0000     0.2700     0.8998     0.3428     0.0000    -0.3463     0.4229    -0.8374     0.0000  -182.7679   -10.0849    -2.5385     1.0000
*OBJECT 61 0 -1 0 0 0 0 -1 -1
*NAME Ruparm_orbit Rshldr 
*MATWORLD    -0.3821     0.2536    -0.8886     0.0000     0.8741    -0.2129    -0.4366     0.0000    -0.2999    -0.9436    -0.1403     0.0000  -188.1662    -7.1077    -4.8526     1.0000
*OBJECT 62 0 -1 0 0 0 0 -1 -1
*NAME Ruparm Ruparm_orbit 
*MATWORLD     0.1422     0.7490    -0.6472     0.0000     0.9552     0.0675     0.2881     0.0000     0.2595    -0.6592    -0.7058     0.0000  -188.4025    -8.0551    -5.4632     1.0000
*OBJECT 63 0 -1 0 0 0 0 -1 -1
*NAME Rloarm Ruparm 
*MATWORLD     0.7679     0.6398    -0.0311     0.0000    -0.1927     0.2770     0.9414     0.0000     0.6108    -0.7169     0.3360     0.0000  -184.8495   -16.4804   -14.6490     1.0000
*OBJECT 64 0 -1 0 0 0 0 -1 -1
*NAME Rwrist Rloarm 
*MATWORLD    -0.1237     0.5418     0.8313     0.0000     0.3317    -0.7670     0.5493     0.0000     0.9352     0.3437    -0.0849     0.0000  -181.4691   -19.9279   -12.5045     1.0000
*OBJECT 65 0 -1 0 0 0 0 -1 -1
*NAME Rhand Rwrist 
*MATWORLD    -0.2398     0.5395     0.8071     0.0000     0.5698     0.7513    -0.3330     0.0000    -0.7860     0.3800    -0.4875     0.0000  -178.5944   -22.8964    -9.9668     1.0000
*OBJECT 66 0 -1 0 0 0 0 -1 -1
*NAME CHAINGUN_ATTACHER Rhand 
*MATWORLD     1.0000    -0.0000     0.0000     0.0000     0.0000     0.0000    -1.0000     0.0000     0.0000     1.0000     0.0000     0.0000  -178.5946   -22.8964    -9.9665     1.0000
*OBJECT 67 0 -1 0 0 0 0 -1 -1
*NAME CHAINSAW_ATTACHER Rhand 
*MATWORLD    -0.9530     0.1397     0.2690     0.0000     0.2966     0.6130     0.7323     0.0000    -0.0625     0.7777    -0.6256     0.0000  -178.5946   -22.8964    -9.9665     1.0000
*OBJECT 68 0 -1 0 0 0 0 -1 -1
*NAME FL_ATTACHER Rhand 
*MATWORLD    -0.8908    -0.0082     0.4542     0.0000    -0.2191    -0.8681    -0.4455     0.0000     0.3980    -0.4963     0.7715     0.0000  -178.5946   -22.8964    -9.9665     1.0000
*OBJECT 69 0 -1 0 0 0 0 -1 -1
*NAME MGATTACHER Rhand 
*MATWORLD     0.7244    -0.3392     0.6001     0.0000     0.6570     0.0764    -0.7500     0.0000     0.2085     0.9376     0.2782     0.0000  -178.5946   -22.8964    -9.9665     1.0000
*OBJECT 70 0 -1 0 0 0 0 -1 -1
*NAME NADE_ATTACHER Rhand 
*MATWORLD    -0.6806    -0.3302     0.6540     0.0000     0.7314    -0.2530     0.6333     0.0000    -0.0437     0.9094     0.4137     0.0000  -178.5946   -22.8964    -9.9665     1.0000
*OBJECT 71 0 -1 0 0 0 0 -1 -1
*NAME PISTOL_ATTACHER Rhand 
*MATWORLD     0.3769    -0.2156     0.9008     0.0000     0.9220    -0.0059    -0.3872     0.0000     0.0888     0.9765     0.1965     0.0000  -178.5946   -22.8964    -9.9665     1.0000
*OBJECT 72 0 -1 0 0 0 0 -1 -1
*NAME Rindex1 Rhand 
*MATWORLD     0.9576    -0.0286    -0.2865     0.0000     0.1668     0.8663     0.4709     0.0000     0.2347    -0.4988     0.8343     0.0000  -176.2530   -22.9811    -7.0988     1.0000
*OBJECT 73 0 -1 0 0 0 0 -1 -1
*NAME Rindex2 Rindex1 
*MATWORLD     0.8526    -0.4454     0.2733     0.0000     0.2051     0.7662     0.6089     0.0000    -0.4807    -0.4631     0.7446     0.0000  -176.1336   -23.6474    -5.8918     1.0000
*OBJECT 74 0 -1 0 0 0 0 -1 -1
*NAME Rindex3 Rindex2 
*MATWORLD    -0.8051    -0.1806     0.5649     0.0000    -0.1938    -0.8202    -0.5383     0.0000     0.5605    -0.5429     0.6254     0.0000  -176.7213   -23.9779    -5.1762     1.0000
*OBJECT 75 0 -1 0 0 0 0 -1 -1
*NAME Rmiddle1 Rhand 
*MATWORLD     0.9478     0.1283    -0.2920     0.0000    -0.0229     0.9405     0.3389     0.0000     0.3181    -0.3146     0.8944     0.0000  -175.8244   -24.0332    -7.5531     1.0000
*OBJECT 76 0 -1 0 0 0 0 -1 -1
*NAME Rmiddle2 Rmiddle1 
*MATWORLD     0.9212    -0.2163     0.3234     0.0000     0.0328     0.8714     0.4894     0.0000    -0.3877    -0.4402     0.8099     0.0000  -175.7444   -24.5648    -6.2009     1.0000
*OBJECT 77 0 -1 0 0 0 0 -1 -1
*NAME Rmiddle3 Rmiddle2 
*MATWORLD    -0.7603    -0.2594     0.5956     0.0000    -0.0118    -0.9112    -0.4119     0.0000     0.6495    -0.3202     0.6897     0.0000  -176.3564   -25.0072    -5.1713     1.0000
*OBJECT 78 0 -1 0 0 0 0 -1 -1
*NAME Rpinky1 Rhand 
*MATWORLD     0.9561    -0.1875    -0.2251     0.0000     0.2767     0.8304     0.4836     0.0000     0.0962    -0.5246     0.8459     0.0000  -176.9816   -25.4331    -7.7662     1.0000
*OBJECT 79 0 -1 0 0 0 0 -1 -1
*NAME Rpinky2 Rpinky1 
*MATWORLD     0.7487    -0.5774     0.3255     0.0000     0.2892     0.7265     0.6234     0.0000    -0.5964    -0.3726     0.7109     0.0000  -177.1002   -25.9777    -6.8404     1.0000
*OBJECT 80 0 -1 0 0 0 0 -1 -1
*NAME Rpinky3 Rpinky2 
*MATWORLD    -0.7625    -0.0559     0.6446     0.0000    -0.4068    -0.7333    -0.5448     0.0000     0.5032    -0.6776     0.5364     0.0000  -177.5141   -26.1248    -6.2646     1.0000
*OBJECT 81 0 -1 0 0 0 0 -1 -1
*NAME Rring1 Rhand 
*MATWORLD     0.9434    -0.1458    -0.2978     0.0000     0.2800     0.8315     0.4798     0.0000     0.1776    -0.5361     0.8253     0.0000  -176.2876   -24.5233    -7.6231     1.0000
*OBJECT 82 0 -1 0 0 0 0 -1 -1
*NAME Rring2 Rring1 
*MATWORLD     0.7918    -0.5537     0.2580     0.0000     0.3066     0.7255     0.6161     0.0000    -0.5283    -0.4087     0.7442     0.0000  -176.3433   -25.3001    -6.4319     1.0000
*OBJECT 83 0 -1 0 0 0 0 -1 -1
*NAME Rring3 Rring2 
*MATWORLD    -0.8160    -0.0849     0.5718     0.0000    -0.3015    -0.7814    -0.5463     0.0000     0.4932    -0.6182     0.6121     0.0000  -176.8018   -25.4994    -5.6735     1.0000
*OBJECT 84 0 -1 0 0 0 0 -1 -1
*NAME Rthumb1 Rhand 
*MATWORLD     0.8991     0.4370    -0.0247     0.0000    -0.4247     0.8847     0.1925     0.0000     0.1059    -0.1626     0.9810     0.0000  -178.9850   -22.1301    -8.1701     1.0000
*OBJECT 85 0 -1 0 0 0 0 -1 -1
*NAME Rthumb2 Rthumb1 
*MATWORLD    -0.9437    -0.3256    -0.0586     0.0000     0.2626    -0.6292    -0.7315     0.0000     0.2013    -0.7057     0.6793     0.0000  -178.6853   -22.5849    -6.8628     1.0000
*OBJECT 86 0 -1 0 0 0 0 -1 -1
*NAME Rthumb3 Rthumb2 
*MATWORLD    -0.3123     0.1082     0.9438     0.0000     0.4436    -0.8619     0.2456     0.0000     0.8400     0.4954     0.2212     0.0000  -178.4948   -23.3638    -5.9627     1.0000
*OBJECT 87 0 -1 0 0 0 0 -1 -1
*NAME SHOTGUN_ATTACHER Rhand 
*MATWORLD     0.8115    -0.1442    -0.5662     0.0000    -0.5188     0.2679    -0.8118     0.0000     0.2688     0.9526     0.1426     0.0000  -178.5946   -22.8964    -9.9665     1.0000
*OBJECT 88 0 -1 0 0 0 0 -1 -1
*NAME pgATTACHER Rhand 
*MATWORLD    -0.8265    -0.1358     0.5463     0.0000     0.5594    -0.0890     0.8241     0.0000    -0.0633     0.9867     0.1495     0.0000  -178.5946   -22.8964    -9.9665     1.0000
*OBJECT 89 0 -1 0 0 0 0 -1 -1
*NAME L_leglow Pelvis 
*MATWORLD    -1.0000     0.0000    -0.0000     0.0000     0.0000     0.5547     0.8321     0.0000     0.0000     0.8321    -0.5547     0.0000    -0.0000    24.0000    -4.0000     1.0000
*OBJECT 90 0 -1 0 0 0 0 -1 -1
*NAME L_legtop L_leglow 
*MATWORLD    -1.0000    -0.0000     0.0000     0.0000    -0.0000    -0.5145    -0.8575     0.0000     0.0000    -0.8575     0.5145     0.0000    -0.0000    37.4900   -12.0000     1.0000
*OBJECT 91 0 -1 0 0 0 0 -1 -1
*NAME R_leglow Pelvis 
*MATWORLD     1.0000     0.0000    -0.0000     0.0000    -0.0000     0.5547    -0.8321     0.0000     0.0000     0.8321     0.5547     0.0000     0.0000    24.0000     4.0000     1.0000
*OBJECT 92 0 -1 0 0 0 0 -1 -1
*NAME R_legtop R_leglow 
*MATWORLD    -1.0000     0.0000     0.0000     0.0000    -0.0000     0.5547    -0.8321     0.0000    -0.0000    -0.8321    -0.5547     0.0000     0.0000    37.5655    12.0000     1.0000
*OBJECT 93 0 -1 0 0 0 0 -1 -1
*NAME Body origin 
*MATWORLD    -0.9653    -0.1161    -0.2340     0.0000     0.2251    -0.8242    -0.5197     0.0000    -0.1325    -0.5543     0.8217     0.0000  -190.2946   -26.3695     0.9224     1.0000
*OBJECT 94 0 -1 0 0 0 0 -1 -1
*NAME Body2 Body 
*MATWORLD    -0.9243    -0.2921    -0.2458     0.0000     0.3815    -0.7313    -0.5654     0.0000    -0.0146    -0.6163     0.7874     0.0000  -191.7512   -24.6498    -0.1591     1.0000
*OBJECT 95 0 -1 0 0 0 0 -1 -1
*NAME Hips Body2 
*MATWORLD    -0.9243    -0.2921    -0.2458     0.0000     0.3815    -0.7313    -0.5654     0.0000    -0.0146    -0.6163     0.7874     0.0000  -191.5335   -25.5685    -0.2146     1.0000
*OBJECT 96 0 -1 0 0 0 0 -1 -1
*NAME Lupleg Hips 
*MATWORLD     0.1859    -0.0181     0.9824     0.0000    -0.9510    -0.2548     0.1752     0.0000     0.2471    -0.9668    -0.0646     0.0000  -191.0203   -31.0869     2.7119     1.0000
*OBJECT 97 0 -1 0 0 0 0 -1 -1
*NAME Lloleg Lupleg 
*MATWORLD     0.1481    -0.1911     0.9703     0.0000     0.6528    -0.7182    -0.2411     0.0000     0.7429     0.6691     0.0183     0.0000  -186.7908   -47.6339     1.6061     1.0000
*OBJECT 98 0 -1 0 0 0 0 -1 -1
*NAME Lankle_r Lloleg 
*MATWORLD     0.1931     0.3436    -0.9190     0.0000     0.9395    -0.3348     0.0722     0.0000    -0.2829    -0.8774    -0.3875     0.0000  -200.0612   -57.3269     0.9114     1.0000
*OBJECT 99 0 -1 0 0 0 0 -1 -1
*NAME Lball_r Lankle_r 
*MATWORLD     0.4509     0.6466    -0.6153     0.0000     0.3352     0.5162     0.7881     0.0000     0.8272    -0.5616     0.0160     0.0000  -203.7620   -64.0160    -2.1630     1.0000
*OBJECT 100 0 -1 0 0 0 0 -1 -1
*NAME Ltoe_r Lball_r 
*MATWORLD    -0.5191     0.5501     0.6541     0.0000     0.3179     0.8347    -0.4497     0.0000    -0.7934    -0.0255    -0.6082     0.0000  -200.2774   -67.1462    -1.3658     1.0000
*OBJECT 101 0 -1 0 0 0 0 -1 -1
*NAME Rupleg Hips 
*MATWORLD    -0.0837     0.0547     0.9950     0.0000    -0.9428    -0.3276    -0.0613     0.0000     0.3226    -0.9432     0.0790     0.0000  -191.3619   -30.8172    -4.2797     1.0000
*OBJECT 102 0 -1 0 0 0 0 -1 -1
*NAME Rloleg Rupleg 
*MATWORLD    -0.0893     0.0762     0.9931     0.0000    -0.9814     0.1635    -0.1008     0.0000    -0.1701    -0.9836     0.0601     0.0000  -185.7995   -47.0807    -2.9178     1.0000
*OBJECT 103 0 -1 0 0 0 0 -1 -1
*NAME Rankle_r Rloleg 
*MATWORLD     0.0018     0.0373    -0.9993     0.0000     0.8263     0.5627     0.0225     0.0000     0.5632    -0.8258    -0.0298     0.0000  -188.3910   -62.9713    -1.8091     1.0000
*OBJECT 104 0 -1 0 0 0 0 -1 -1
*NAME Rball_r Rankle_r 
*MATWORLD    -0.1250    -0.4613    -0.8784     0.0000    -0.0587     0.8872    -0.4576     0.0000     0.9904    -0.0057    -0.1380     0.0000  -183.8313   -70.1766    -1.4113     1.0000
*OBJECT 105 0 -1 0 0 0 0 -1 -1
*NAME Rtoe_r Rball_r 
*MATWORLD    -0.7226     0.6886     0.0609     0.0000    -0.3417    -0.2792    -0.8974     0.0000    -0.6009    -0.6692     0.4370     0.0000  -179.0860   -69.1873    -1.6408     1.0000
*OBJECT 106 0 -1 0 0 0 0 -1 -1
*NAME Satchel Hips 
*MATWORLD     0.0479    -0.0489     0.9977     0.0000     0.9935     0.1052    -0.0425     0.0000    -0.1029     0.9932     0.0536     0.0000  -196.8115   -28.7184    -0.1486     1.0000
*OBJECT 107 0 -1 0 0 0 0 -1 -1
*NAME Waist2 Hips 
*MATWORLD     0.0480    -0.0489     0.9976     0.0000     0.9925     0.1143    -0.0422     0.0000    -0.1120     0.9922     0.0540     0.0000  -190.4474   -24.4221    -0.2103     1.0000
*OBJECT 108 0 -1 0 0 0 0 -1 -1
*NAME SPINNER Waist2 
*MATWORLD     1.0000     0.0000     0.0000     0.0000     0.0000     0.0000    -1.0000     0.0000     0.0000     1.0000     0.0000     0.0000  -192.1292   -24.2939    -0.2549     1.0000
*OBJECT 109 0 -1 0 0 0 0 -1 -1
*NAME Waist SPINNER 
*MATWORLD     0.1535     0.9878     0.0253     0.0000    -0.2961     0.0704    -0.9526     0.0000    -0.9428     0.1387     0.3033     0.0000  -192.1291   -24.2939    -0.2550     1.0000
*OBJECT 110 0 -1 0 0 0 0 -1 -1
*NAME Chest Waist 
*MATWORLD     0.3328    -0.1497     0.9310     0.0000     0.8754    -0.3181    -0.3640     0.0000     0.3507     0.9362     0.0252     0.0000  -191.2635   -18.4224    -0.0903     1.0000
*OBJECT 111 0 -1 0 0 0 0 -1 -1
*NAME lftpocket Hips 
*MATWORLD    -0.0459    -0.2346     0.9710     0.0000     0.9896     0.1221     0.0763     0.0000    -0.1365     0.9644     0.2266     0.0000  -184.9339   -30.7292     4.7687     1.0000
*OBJECT 112 0 -1 0 0 0 0 -1 -1
*NAME rtpocket Hips 
*MATWORLD    -0.1234     0.1847     0.9750     0.0000     0.9800     0.1774     0.0904     0.0000    -0.1562     0.9667    -0.2029     0.0000  -185.1843   -30.1413    -5.6754     1.0000
*OBJECT 113 0 -1 0 0 0 0 -1 -1
*NAME MGbody origin 
*MATWORLD     0.7245    -0.3392     0.6001     0.0000     0.6570     0.0764    -0.7500     0.0000     0.2085     0.9376     0.2782     0.0000  -178.4988   -19.1999    -6.5366     1.0000
*OBJECT 114 0 -1 0 0 0 0 -1 -1
*NAME PISTOL_pbody origin 
*MATWORLD     0.3769    -0.2156     0.9008     0.0000     0.9220    -0.0059    -0.3872     0.0000     0.0888     0.9765     0.1965     0.0000  -176.4116   -22.5260    -3.9341     1.0000
*OBJECT 115 0 -1 0 0 0 0 -1 -1
*NAME PISTOL_pextender PISTOL_pbody 
*MATWORLD     0.3769    -0.2156     0.9008     0.0000     0.9220    -0.0059    -0.3872     0.0000     0.0888     0.9765     0.1965     0.0000  -176.3279   -20.1202    -3.9531     1.0000
*OBJECT 116 0 -1 0 0 0 0 -1 -1
*NAME PISTOL_pfront PISTOL_pbody 
*MATWORLD     0.3769    -0.2156     0.9008     0.0000     0.9220    -0.0059    -0.3872     0.0000     0.0888     0.9765     0.1965     0.0000  -175.5870   -20.5736    -2.1214     1.0000
*OBJECT 117 0 -1 0 0 0 0 -1 -1
*NAME PISTOL_ptrigger PISTOL_pbody 
*MATWORLD     0.3769    -0.2156     0.9008     0.0000     0.9220    -0.0059    -0.3872     0.0000     0.0888     0.9765     0.1965     0.0000  -176.5001   -23.5668    -4.2771     1.0000
*OBJECT 118 0 -1 0 0 0 0 -1 -1
*NAME PISTOL_pistolclip origin 
*MATWORLD     0.3376    -0.4774     0.8112     0.0000     0.9220    -0.0059    -0.3872     0.0000     0.1897     0.8787     0.4382     0.0000  -178.2164   -26.5030    -8.3214     1.0000
*OBJECT 119 0 -1 0 0 0 0 -1 -1
*NAME RLbarrel origin 
*MATWORLD     0.1644    -0.2810     0.9455     0.0000     0.9842    -0.0178    -0.1764     0.0000     0.0664     0.9595     0.2736     0.0000  -152.6926   -22.0462    -3.8361     1.0000
*OBJECT 120 0 -1 0 0 0 0 -1 -1
*NAME SHOTGUN_sgbody origin 
*MATWORLD     0.8115    -0.1442    -0.5662     0.0000    -0.5188     0.2679    -0.8118     0.0000     0.2687     0.9526     0.1426     0.0000  -177.2866   -22.5000    -6.1922     1.0000
*OBJECT 121 0 -1 0 0 0 0 -1 -1
*NAME SHOTGUN_sgbarrel SHOTGUN_sgbody 
*MATWORLD     0.4265    -0.2132     0.8790     0.0000     0.8843    -0.1062    -0.4548     0.0000     0.1903     0.9712     0.1433     0.0000  -164.3525   -25.7895    13.3531     1.0000
*OBJECT 122 0 -1 0 0 0 0 -1 -1
*NAME SHOTGUN_sgtoob SHOTGUN_sgbody 
*MATWORLD     0.8115    -0.1442    -0.5662     0.0000    -0.5188     0.2679    -0.8118     0.0000     0.2687     0.9526     0.1426     0.0000  -168.5897   -27.3527     7.1565     1.0000
*OBJECT 123 0 -1 0 0 0 0 -1 -1
*NAME modelviewconnector origin 
*MATWORLD     1.0000    -0.0000    -0.0000     0.0000    -0.0000     0.0000    -1.0000     0.0000     0.0000     1.0000     0.0000     0.0000     0.0000     0.0000    -0.0000     1.0000
*OBJECT 124 0 -1 0 0 0 0 -1 -1
*NAME camWaist modelviewconnector 
*MATWORLD    -0.0218     0.9997    -0.0124     0.0000    -0.9997    -0.0219    -0.0051     0.0000    -0.0053     0.0122     0.9999     0.0000    -0.0313    46.8066     0.2102     1.0000
*OBJECT 125 0 -1 0 0 0 0 -1 -1
*NAME camHead camWaist 
*MATWORLD     1.0000    -0.0000     0.0000     0.0000     0.0000    -0.0000    -1.0000     0.0000     0.0000     1.0000    -0.0000     0.0000    -0.0808    68.7713    -2.3463     1.0000
*OBJECT 126 0 -1 0 0 0 0 -1 -1
*NAME camera camHead 
*MATWORLD    -1.0000     0.0002    -0.0002     0.0000    -0.0002    -0.0000     1.0000     0.0000     0.0002     1.0000     0.0000     0.0000    -0.0808    69.7988    -6.9038     1.0000
*OBJECT 127 0 -1 0 0 0 2 -1 1
*NAME cage_corpse null 
*MATWORLD     1.0000     0.0000     0.0000     0.0000     0.0000     1.0000     0.0000     0.0000     0.0000     0.0000     1.0000     0.0000     0.0000     0.0000     0.0000     1.0000
*OBJECT 128 0 -1 0 0 0 0 -1 1
*NAME origin null 
*MATWORLD     1.0000     0.0000     0.0000     0.0000     0.0000     0.0000    -1.0000     0.0000     0.0000     1.0000     0.0000     0.0000     0.0000     0.0000     0.0000     1.0000
*OBJECT 129 0 -1 0 0 0 20 -1 1
*NAME mgplayer null 
*MATWORLD     1.0000     0.0000     0.0000     0.0000     0.0000     1.0000     0.0000     0.0000     0.0000     0.0000     1.0000     0.0000     0.0000     0.0000     0.0000     1.0000
BONE_COUNT 130 
    0.0000     1.0000     0.0000     0.0000    -0.0000    -0.0000     1.0000     0.0000     1.0000    -0.0000     0.0000     0.0000     0.0001     0.0000   -38.0000     1.0000
   -1.0000     0.0000     0.0000     0.0000     0.0000     0.6863     0.7273     0.0000     0.0000     0.7273    -0.6863     0.0000    -0.0000   -13.7257   -14.5467     1.0000
   -1.0000     0.0000    -0.0000     0.0000     0.0000     0.8321    -0.5547     0.0000    -0.0000    -0.5547    -0.8321     0.0000    -2.4697    -3.3282     2.2188     1.0000
   -1.0000    -0.0000    -0.0000     0.0000     0.0000     0.6247    -0.7809     0.0000     0.0000    -0.7809    -0.6247     0.0000    -4.0751    -6.2470    -4.9976     1.0000
    1.0000     0.0000     0.0000     0.0000    -0.0000     0.8944     0.4472     0.0000    -0.0000    -0.4472     0.8944     0.0000     0.7409     2.6833    16.9941     1.0000
    1.0000    -0.0000    -0.0000     0.0000    -0.0000     0.6247    -0.7809     0.0000     0.0000     0.7809     0.6247     0.0000     4.0751    -6.2470    -4.9976     1.0000
    0.0000     1.0000     0.0000     0.0000    -0.0000    -0.0000     1.0000     0.0000     1.0000    -0.0000     0.0000     0.0000   -14.0000     0.7410    10.0000     1.0000
    0.3329     0.9071     0.2575     0.0000    -0.1498    -0.2188     0.9642     0.0000     0.9310    -0.3596     0.0630     0.0000    60.8928   167.1900    55.0395     1.0000
   -0.9284     0.0469     0.3686     0.0000    -0.1329    -0.9683    -0.2116     0.0000     0.3469    -0.2455     0.9052     0.0000  -170.7767    -1.4400    65.9720     1.0000
    0.3715     0.9248     0.0826     0.0000    -0.3155     0.0420     0.9480     0.0000     0.8732    -0.3782     0.3073     0.0000    61.1537   172.7932    24.2437     1.0000
   -0.6048    -0.7950    -0.0459     0.0000     0.0220    -0.0743     0.9970     0.0000    -0.7961     0.6020     0.0625     0.0000  -107.0055  -150.1983     3.5106     1.0000
   -0.3922    -0.1006    -0.9144     0.0000    -0.1055    -0.9825     0.1533     0.0000    -0.9138     0.1566     0.3747     0.0000   -70.6405   -43.8608  -165.1774     1.0000
   -0.0159    -0.7818    -0.6234     0.0000    -0.9919    -0.0661     0.1082     0.0000    -0.1258     0.6200    -0.7744     0.0000   -27.8979  -142.5169  -106.3831     1.0000
   -0.0000     0.9562    -0.2927     0.0000    -0.7704    -0.1866    -0.6096     0.0000    -0.6375     0.2255     0.7367     0.0000   -19.0141   161.1607   -66.7956     1.0000
    0.3394     0.8618    -0.3769     0.0000    -0.3125     0.4812     0.8190     0.0000     0.8872    -0.1602     0.4327     0.0000    50.3684   161.9548   -45.0515     1.0000
   -0.5672    -0.0679    -0.8208     0.0000    -0.3439    -0.8860     0.3109     0.0000    -0.7484     0.4586     0.4792     0.0000  -104.6519   -33.3571  -131.9526     1.0000
   -0.9519    -0.2097    -0.2235     0.0000     0.0458    -0.8184     0.5728     0.0000    -0.3030     0.5350     0.7886     0.0000  -159.8352   -55.5614   -22.9481     1.0000
    0.2222     0.1423    -0.9646     0.0000     0.4567     0.8589     0.2319     0.0000     0.8614    -0.4920     0.1258     0.0000    50.4153    45.2132  -156.7649     1.0000
   -0.8129     0.0582    -0.5795     0.0000    -0.2366    -0.9422     0.2373     0.0000    -0.5322     0.3300     0.7797     0.0000  -143.5965   -14.2173   -93.1767     1.0000
   -0.9940    -0.0435     0.1008     0.0000     0.0849    -0.8865     0.4549     0.0000     0.0695     0.4607     0.8848     0.0000  -166.1629   -30.0131    29.0927     1.0000
    0.5369    -0.0020    -0.8436     0.0000     0.3311     0.9203     0.2085     0.0000     0.7759    -0.3913     0.4948     0.0000   100.9467    23.1744  -136.9096     1.0000
   -0.5513    -0.5126    -0.6582     0.0000     0.3083    -0.8583     0.4102     0.0000    -0.7752     0.0232     0.6312     0.0000   -85.5884  -110.4630  -101.7091     1.0000
   -0.7832    -0.6193    -0.0556     0.0000     0.5969    -0.7739     0.2119     0.0000    -0.1743     0.1327     0.9757     0.0000  -117.1924  -126.3293    -3.3162     1.0000
    0.1184     0.6518    -0.7491     0.0000    -0.1072     0.7584     0.6429     0.0000     0.9872     0.0042     0.1597     0.0000    18.3555   131.4548  -109.8090     1.0000
   -0.7230    -0.1739    -0.6686     0.0000    -0.0673    -0.9455     0.3187     0.0000    -0.6876     0.2754     0.6718     0.0000  -124.0558   -54.5319  -105.9516     1.0000
   -0.9577    -0.2876     0.0058     0.0000     0.2654    -0.8756     0.4036     0.0000    -0.1110     0.3881     0.9149     0.0000  -155.0975   -71.9844    11.9449     1.0000
    0.4260     0.2361    -0.8734     0.0000     0.2044     0.9153     0.3472     0.0000     0.8813    -0.3264     0.3416     0.0000    78.5975    64.2179  -138.1727     1.0000
   -0.3599     0.3608    -0.8604     0.0000    -0.6603    -0.7500    -0.0383     0.0000    -0.6591     0.5544     0.5082     0.0000   -78.6715    44.6408  -149.5824     1.0000
    0.4826     0.2211    -0.8475     0.0000     0.5813     0.6430     0.4987     0.0000     0.6552    -0.7333     0.1817     0.0000    97.7788    52.8157  -133.2764     1.0000
   -0.5126    -0.7002    -0.4970     0.0000    -0.1714     0.6506    -0.7398     0.0000     0.8413    -0.2941    -0.4536     0.0000   -90.6051  -103.8221  -103.9125     1.0000
    0.1505     0.9868     0.0592     0.0000     0.0410    -0.0660     0.9970     0.0000     0.9878    -0.1476    -0.0504     0.0000    26.4363   169.8069    35.5352     1.0000
    0.3328     0.8754     0.3507     0.0000    -0.1497    -0.3181     0.9362     0.0000     0.9310    -0.3640     0.0252     0.0000    60.9657   160.2475    72.5918     1.0000
    0.0496     0.9987     0.0069     0.0000     0.0041    -0.0071     1.0000     0.0000     0.9988    -0.0495    -0.0045     0.0000    10.0727   182.2571     5.7038     1.0000
    0.0496     0.9837    -0.1731     0.0000     0.0041     0.1731     0.9849     0.0000     0.9988    -0.0495     0.0045     0.0000    10.0191   179.0028   -25.0147     1.0000
    0.0496     0.9837    -0.1731     0.0000     0.0041     0.1731     0.9849     0.0000     0.9988    -0.0495     0.0045     0.0000     9.4564   176.4567   -24.8092     1.0000
    0.0496     0.9837    -0.1731     0.0000     0.0041     0.1731     0.9849     0.0000     0.9988    -0.0495     0.0045     0.0000     9.9221   176.4521   -24.7744     1.0000
    0.0496     0.9837    -0.1731     0.0000     0.0041     0.1731     0.9849     0.0000     0.9988    -0.0495     0.0045     0.0000    10.3808   176.4566   -24.8091     1.0000
    0.0496     0.9987     0.0069     0.0000     0.0041    -0.0071     1.0000     0.0000     0.9988    -0.0495    -0.0045     0.0000     9.3653   177.9020     4.2574     1.0000
    0.0496     0.9987     0.0069     0.0000     0.0041    -0.0071     1.0000     0.0000     0.9988    -0.0495    -0.0045     0.0000     8.7065   178.1135     4.0532     1.0000
    0.0496     0.9987     0.0069     0.0000     0.0041    -0.0071     1.0000     0.0000     0.9988    -0.0495    -0.0045     0.0000     7.9138   178.7319     4.0987     1.0000
    0.0496     0.9987     0.0069     0.0000     0.0041    -0.0071     1.0000     0.0000     0.9988    -0.0495    -0.0045     0.0000     8.2378   178.8821     7.3856     1.0000
    0.0496     0.9987     0.0069     0.0000     0.0041    -0.0071     1.0000     0.0000     0.9988    -0.0495    -0.0045     0.0000     8.6191   166.3276     4.8174     1.0000
    0.0496     0.9987     0.0069     0.0000     0.0041    -0.0071     1.0000     0.0000     0.9988    -0.0495    -0.0045     0.0000     8.5945   178.4907     4.9193     1.0000
    0.0496     0.9987     0.0069     0.0000     0.0041    -0.0071     1.0000     0.0000     0.9988    -0.0495    -0.0045     0.0000     8.5902   178.5864     4.5755     1.0000
    0.0496     0.9987     0.0069     0.0000     0.0041    -0.0071     1.0000     0.0000     0.9988    -0.0495    -0.0045     0.0000     9.4164   177.7619     7.2389     1.0000
    0.0496     0.9987     0.0069     0.0000     0.0041    -0.0071     1.0000     0.0000     0.9988    -0.0495    -0.0045     0.0000    10.7115   178.0515     7.3450     1.0000
    0.0496     0.9987     0.0069     0.0000     0.0041    -0.0071     1.0000     0.0000     0.9988    -0.0495    -0.0045     0.0000    10.3756   177.7659     7.2378     1.0000
    0.0496     0.9987     0.0069     0.0000     0.0041    -0.0071     1.0000     0.0000     0.9988    -0.0495    -0.0045     0.0000     9.8972   177.9288     7.3821     1.0000
    0.0496     0.9987     0.0069     0.0000     0.0041    -0.0071     1.0000     0.0000     0.9988    -0.0495    -0.0045     0.0000     9.0804   178.0514     7.3411     1.0000
    0.0496     0.9987     0.0069     0.0000     0.0041    -0.0071     1.0000     0.0000     0.9988    -0.0495    -0.0045     0.0000     8.7406   178.4930     7.6862     1.0000
